380 8 3
1219 24 2
1476 0 2
998 20 3
1538 7 2
44 2 1
541 23 2
1099 28 3
1985 15 2
1059 2 1
620 26 1
1991 6 0
1133 28 0
393 10 3
236 22 3
1631 26 1
1584 11 3
1299 21 0
870 15 1
1100 19 3
1634 3 1
911 15 2
312 27 2
180 6 2
1936 25 2
1675 28 0
217 28 2
1600 9 1
996 25 2
130 20 2
157 23 1
1459 9 1
1605 5 2
1721 7 2
1861 3 1
859 0 3
1463 30 2
1862 23 0
1859 7 1
1087 25 2
957 21 1
89 18 2
474 24 2
1949 0 1
555 20 3
881 9 2
909 24 2
1871 12 0
1772 29 1
1129 22 0
1747 12 0
556 2 2
819 5 1
1201 15 2
1530 7 2
95 3 2
570 3 2
1878 0 2
1266 4 2
1731 5 1
